# XDI/1.0 Demeter/0.9.26
# Demeter.output_filetype: multicolumn magnitude of chi(R)
# Element.symbol: Ru
# Element.edge: K
# Column.1: R Angstrom
# Column.2: RuSA-RT-fresh-3
# Column.3: Ru-520H2-RT-2
# Column.4: Ru-520H2-520du-reaction-jinbian-6
# Column.5: Ru-520H2-520du-reaction-jinbian-61
# Column.6: Ru-520H2-520du-reaction-jinbian-62
# Column.7: Ru-520H2-520du-after_reaction-quanpu-RT-2
#------------------------
#  r  RuSA-RT-fresh-3  Ru-520H2-RT-2  Ru-520H2-520du-reaction-jinbian-6  Ru-520H2-520du-reaction-jinbian-61  Ru-520H2-520du-reaction-jinbian-62  Ru-520H2-520du-after_reaction-quanpu-RT-2
  0.0000000       0.11276502       0.10534517       0.94660023E-01   0.97483349E-01   0.94131885E-01   0.10695863
  0.30679616E-01   0.11067959       0.10346183       0.95892043E-01   0.98253692E-01   0.95312249E-01   0.10491517
  0.61359232E-01   0.10496667       0.98298825E-01   0.99378824E-01   0.10048613       0.98651768E-01   0.99305051E-01
  0.92038847E-01   0.97291006E-01   0.91342903E-01   0.10457177       0.10396195       0.10362080       0.91728325E-01
  0.12271846       0.90421488E-01   0.85053061E-01   0.11075784       0.10836452       0.10952848       0.84870922E-01
  0.15339808       0.87650570E-01   0.82350153E-01   0.11721976       0.11332761       0.11567790       0.81974365E-01
  0.18407769       0.91049867E-01   0.85123682E-01   0.12332987       0.11847504       0.12145928       0.85117076E-01
  0.21475731       0.99813715E-01   0.92767412E-01   0.12858765       0.12344743       0.12638918       0.93517710E-01
  0.24543693       0.11097651       0.10270327       0.13262831       0.12791886       0.13012108       0.10424919
  0.27611654       0.12131551       0.11203164       0.13522235       0.13160879       0.13244637       0.11415852
  0.30679616       0.12836997       0.11849094       0.13627572       0.13429368       0.13329538       0.12085997
  0.33747577       0.13068508       0.12071498       0.13583484       0.13582132       0.13274234       0.12294733
  0.36815539       0.12789918       0.11832159       0.13409746       0.13613025       0.13101519       0.12006147
  0.39883500       0.12094562       0.11209002       0.13142864       0.13527581       0.12850840       0.11307968
  0.42951462       0.11244580       0.10430690       0.12837722       0.13346380       0.12579262       0.10451247
  0.46019424       0.10702857       0.99073499E-01   0.12567985       0.13109059       0.12360648       0.98878653E-01
  0.49087385       0.11021195       0.10142111       0.12422730       0.12878121       0.12280546       0.10167543
  0.52155347       0.12470187       0.11407848       0.12496065       0.12740276       0.12424412       0.11560756
  0.55223308       0.14830453       0.13533604       0.12869011       0.12800962       0.12860146       0.13843632
  0.58291270       0.17653055       0.16118786       0.13589894       0.13167648       0.13622174       0.16572907
  0.61359232       0.20523574       0.18782220       0.14664651       0.13923757       0.14706477       0.19350065
  0.64427193       0.23130628       0.21233643       0.16062777       0.15106089       0.16078810       0.21880550
  0.67495155       0.25263381       0.23272850       0.17732845       0.16700220       0.17689216       0.23965856
  0.70563116       0.26807558       0.24784797       0.19617539       0.18654000       0.19484745       0.25496593
  0.73631078       0.27749511       0.25741649       0.21663109       0.20896603       0.21417093       0.26453735
  0.76699039       0.28183825       0.26208398       0.23823518       0.23352870       0.23445818       0.26913046
  0.79767001       0.28316325       0.26345862       0.26061334       0.25950859       0.25538922       0.27045719
  0.82834963       0.28448588       0.26401117       0.28347079       0.28624812       0.27672125       0.27104933
  0.85902924       0.28924549       0.26670640       0.30657926       0.31315964       0.29827564       0.27384451
  0.88970886       0.30031817       0.27426312       0.32976183       0.33972604       0.31992250       0.28142678
  0.92038847       0.31894855       0.28823681       0.35287685       0.36549975       0.34156419       0.29515355
  0.95106809       0.34431987       0.30847114       0.37580205       0.39010186       0.36311872       0.31469805
  0.98174770       0.37404360       0.33330663       0.39841928       0.41322123       0.38450394       0.33832435
  1.0124273       0.40509204       0.36031407       0.42060074       0.43461294       0.40562327       0.36363022
  1.0431069       0.43460301       0.38704527       0.44219736       0.45409547       0.42635401       0.38828036
  1.0737866       0.46037569       0.41153818       0.46303031       0.47154597       0.44653894       0.41049706
  1.1044662       0.48112995       0.43258247       0.48288600       0.48689348       0.46598182       0.42931707
  1.1351458       0.49662270       0.44982305       0.50151503       0.50011002       0.48444687       0.44468286
  1.1658254       0.50765628       0.46374478       0.51863502       0.51119992       0.50166216       0.45740061
  1.1965050       0.51595916       0.47553887       0.53393701       0.52018787       0.51732638       0.46895622
  1.2271846       0.52389028       0.48683354       0.54709480       0.52710660       0.53111833       0.48117192
  1.2578642       0.53393657       0.49929321       0.55777660       0.53198508       0.54270831       0.49572686
  1.2885439       0.54806242       0.51415171       0.56565811       0.53483832       0.55177056       0.51364959
  1.3192235       0.56710503       0.53181493       0.57043617       0.53565979       0.55799609       0.53495683
  1.3499031       0.59046797       0.55167826       0.57184231       0.53441716       0.56110498       0.55857826
  1.3805827       0.61623891       0.57221831       0.56965538       0.53105187       0.56085787       0.58257155
  1.4112623       0.64163230       0.59129490       0.56371282       0.52548253       0.55706590       0.60450539
  1.4419419       0.66353672       0.60653353       0.55392000       0.51761198       0.54959904       0.62186320
  1.4726216       0.67899092       0.61567755       0.54025724       0.50733702       0.53839227       0.63237439
  1.5033012       0.68552041       0.61685591       0.52278442       0.49456025       0.52344977       0.63424451
  1.5339808       0.68134031       0.60875757       0.50164281       0.47920256       0.50484680       0.62629194
  1.5646604       0.66545407       0.59072452       0.47705429       0.46121556       0.48272946       0.60800900
  1.5953400       0.63767598       0.56277902       0.44931783       0.44059275       0.45731237       0.57956422
  1.6260196       0.59859665       0.52559900       0.41880346       0.41737875       0.42887433       0.54175828
  1.6566993       0.54950473       0.48045241       0.38594391       0.39167608       0.39775225       0.49594371
  1.6873789       0.49227493       0.42910028       0.35122427       0.36364898       0.36433358       0.44391704
  1.7180585       0.42923205       0.37367765       0.31517010       0.33352437       0.32904742       0.38779199
  1.7487381       0.36300173       0.31656262       0.27833437       0.30158982       0.29235475       0.32986290
  1.7794177       0.29636126       0.26024377       0.24128419       0.26818883       0.25473800       0.27246756
  1.8100973       0.23210968       0.20719671       0.20458819       0.23371393       0.21669029       0.21785928
  1.8407769       0.17299204       0.15977427       0.16880655       0.19859809       0.17870478       0.16809748
  1.8714566       0.12175625       0.12008587       0.13448799       0.16330566       0.14126435       0.12496327
  1.9021362       0.81515990E-01   0.89737429E-01   0.10218555       0.12832524       0.10483212       0.89890078E-01
  1.9328158       0.56328536E-01   0.69120589E-01   0.72532727E-01   0.94172192E-01   0.69843875E-01   0.63830467E-01
  1.9634954       0.48408326E-01   0.56310188E-01   0.46568535E-01   0.61436075E-01   0.36708050E-01   0.46815020E-01
  1.9941750       0.50594139E-01   0.47267394E-01   0.27363791E-01   0.31162038E-01   0.60447139E-02   0.37167986E-01
  2.0248546       0.53412453E-01   0.38284728E-01   0.24081212E-01   0.12146659E-01   0.22914526E-01   0.31923092E-01
  2.0555343       0.53607864E-01   0.28344150E-01   0.35570278E-01   0.30375418E-01   0.48614443E-01   0.29489429E-01
  2.0862139       0.52476096E-01   0.21863495E-01   0.49561664E-01   0.53621175E-01   0.71418722E-01   0.31242569E-01
  2.1168935       0.53730713E-01   0.28723257E-01   0.62197648E-01   0.74666282E-01   0.91162142E-01   0.38905435E-01
  2.1475731       0.60835701E-01   0.45912124E-01   0.72716662E-01   0.92802939E-01   0.10776038       0.51489811E-01
  2.1782527       0.73960715E-01   0.66295817E-01   0.81050795E-01   0.10781095       0.12118865       0.66726369E-01
  2.2089323       0.90613707E-01   0.86679129E-01   0.87351232E-01   0.11961842       0.13147750       0.82653027E-01
  2.2396120       0.10801997       0.10524994       0.91854850E-01   0.12824562       0.13871000       0.97797287E-01
  2.2702916       0.12403437       0.12075146       0.94825532E-01   0.13378740       0.14301896       0.11108482
  2.3009712       0.13716910       0.13232948       0.96517421E-01   0.13640319       0.14458446       0.12178597
  2.3316508       0.14649325       0.13950601       0.97148562E-01   0.13630868       0.14363171       0.12948853
  2.3623304       0.15155587       0.14216616       0.96883847E-01   0.13376771       0.14043000       0.13407134
  2.3930100       0.15232504       0.14053275       0.95828851E-01   0.12908453       0.13529289       0.13566843
  2.4236896       0.14912653       0.13512366       0.94035983E-01   0.12259700       0.12858059       0.13462156
  2.4543693       0.14257483       0.12669402       0.91522952E-01   0.11467172       0.12070468       0.13142354
  2.4850489       0.13349577       0.11616789       0.88302142E-01   0.10570266       0.11213552       0.12665700
  2.5157285       0.12284354       0.10456589       0.84418928E-01   0.96115043E-01   0.10341040       0.12093407
  2.5464081       0.11161604       0.92934855E-01   0.79997566E-01   0.86376905E-01   0.95136108E-01   0.11484293
  2.5770877       0.10077229       0.82282978E-01   0.75293750E-01   0.77019050E-01   0.87970456E-01   0.10890580
  2.6077673       0.91154629E-01   0.73515213E-01   0.70749392E-01   0.68657794E-01   0.82556194E-01   0.10355011
  2.6384470       0.83418226E-01   0.67352433E-01   0.67028992E-01   0.61994327E-01   0.79387611E-01   0.99091160E-01
  2.6691266       0.77974219E-01   0.64223313E-01   0.64980049E-01   0.57729723E-01   0.78644156E-01   0.95721203E-01
  2.6998062       0.74960246E-01   0.64170379E-01   0.65434562E-01   0.56341230E-01   0.80100821E-01   0.93500921E-01
  2.7304858       0.74252567E-01   0.66858996E-01   0.68871253E-01   0.57824142E-01   0.83201475E-01   0.92354585E-01
  2.7611654       0.75516246E-01   0.71702783E-01   0.75185482E-01   0.61668268E-01   0.87241989E-01   0.92076410E-01
  2.7918450       0.78268442E-01   0.78003550E-01   0.83782662E-01   0.67117052E-01   0.91537468E-01   0.92355943E-01
  2.8225246       0.81932981E-01   0.85030472E-01   0.93856401E-01   0.73441980E-01   0.95511271E-01   0.92823433E-01
  2.8532043       0.85885866E-01   0.92054858E-01   0.10460291       0.80061378E-01   0.98719875E-01   0.93107888E-01
  2.8838839       0.89502565E-01   0.98380683E-01   0.11530885       0.86543213E-01   0.10084736       0.92897169E-01
  2.9145635       0.92213072E-01   0.10338765       0.12536679       0.92570608E-01   0.10169188       0.91991342E-01
  2.9452431       0.93562961E-01   0.10658432       0.13426810       0.97908560E-01   0.10115359       0.90343730E-01
  2.9759227       0.93275932E-01   0.10766382       0.14159435       0.10238127       0.99226714E-01   0.88085325E-01
  3.0066023       0.91314506E-01   0.10655637       0.14701245       0.10585919       0.95996039E-01   0.85526204E-01
  3.0372820       0.87936637E-01   0.10347528       0.15027300       0.10825288       0.91637658E-01   0.83122919E-01
  3.0679616       0.83741282E-01   0.98952051E-01   0.15121058       0.10951112       0.86423631E-01   0.81398408E-01
  3.0986412       0.79674916E-01   0.93846356E-01   0.14974439       0.10962146       0.80729508E-01   0.80812861E-01
  3.1293208       0.76924791E-01   0.89289409E-01   0.14587879       0.10861174       0.75040216E-01   0.81620275E-01
  3.1600004       0.76598496E-01   0.86484765E-01   0.13970303       0.10655183       0.69941125E-01   0.83782880E-01
  3.1906800       0.79238889E-01   0.86325044E-01   0.13139068       0.10355463       0.66066820E-01   0.86997971E-01
  3.2213597       0.84532524E-01   0.88988760E-01   0.12119926       0.99775874E-01   0.63975992E-01   0.90815551E-01
  3.2520393       0.91498757E-01   0.93855829E-01   0.10947222       0.95411732E-01   0.63967090E-01   0.94772604E-01
  3.2827189       0.98932792E-01   0.99822901E-01   0.96646889E-01   0.90693238E-01   0.65944690E-01   0.98486672E-01
  3.3133985       0.10573944       0.10571828       0.83275887E-01   0.85875813E-01   0.69455642E-01   0.10169477
  3.3440781       0.11107399       0.11056364       0.70075982E-01   0.81221925E-01   0.73863606E-01   0.10424903
  3.3747577       0.11437091       0.11366975       0.58022687E-01   0.76975253E-01   0.78523668E-01   0.10608554
  3.4054373       0.11533076       0.11464350       0.48468857E-01   0.73327177E-01   0.82878677E-01   0.10718136
  3.4361170       0.11389464       0.11336112       0.43023992E-01   0.70381403E-01   0.86488104E-01   0.10751222
  3.4667966       0.11021402       0.10992988       0.42606976E-01   0.68128225E-01   0.89024578E-01   0.10702226
  3.4974762       0.10461689       0.10464470       0.46318233E-01   0.66440727E-01   0.90261047E-01   0.10561315
  3.5281558       0.97569954E-01   0.97940933E-01   0.52132255E-01   0.65097450E-01   0.90057744E-01   0.10315474
  3.5588354       0.89636141E-01   0.90343318E-01   0.58292406E-01   0.63823636E-01   0.88351176E-01   0.99513364E-01
  3.5895150       0.81425675E-01   0.82410811E-01   0.63688148E-01   0.62336230E-01   0.85144901E-01   0.94589869E-01
  3.6201947       0.73537100E-01   0.74677041E-01   0.67685619E-01   0.60380437E-01   0.80501333E-01   0.88358910E-01
  3.6508743       0.66484096E-01   0.67587662E-01   0.69948026E-01   0.57753185E-01   0.74533928E-01   0.80902794E-01
  3.6815539       0.60610874E-01   0.61441183E-01   0.70333558E-01   0.54314915E-01   0.67399327E-01   0.72436977E-01
  3.7122335       0.56018745E-01   0.56349086E-01   0.68844642E-01   0.49993587E-01   0.59289234E-01   0.63328018E-01
  3.7429131       0.52547323E-01   0.52236288E-01   0.65605144E-01   0.44785020E-01   0.50421987E-01   0.54107595E-01
  3.7735927       0.49840094E-01   0.48891058E-01   0.60855391E-01   0.38753872E-01   0.41033884E-01   0.45482667E-01
  3.8042724       0.47468492E-01   0.46045716E-01   0.54964695E-01   0.32042472E-01   0.31370411E-01   0.38313513E-01
  3.8349520       0.45049694E-01   0.43451286E-01   0.48468994E-01   0.24908224E-01   0.21677607E-01   0.33446077E-01
  3.8656316       0.42314009E-01   0.40919534E-01   0.42143862E-01   0.17871236E-01   0.12194059E-01   0.31253309E-01
  3.8963112       0.39121922E-01   0.38331021E-01   0.37086459E-01   0.12318237E-01   0.31505323E-02   0.31196715E-01
  3.9269908       0.35454028E-01   0.35625438E-01   0.34605956E-01   0.11566668E-01   0.53008116E-02   0.32117172E-01
  3.9576704       0.31397539E-01   0.32794064E-01   0.35558469E-01   0.16365753E-01   0.12923276E-01   0.32954034E-01
  3.9883500       0.27147777E-01   0.29889607E-01   0.39591041E-01   0.23274596E-01   0.19616900E-01   0.33109393E-01
  4.0190297       0.23040904E-01   0.27061236E-01   0.45498341E-01   0.30493760E-01   0.25282142E-01   0.32465882E-01
  4.0497093       0.19623369E-01   0.24609599E-01   0.52085813E-01   0.37364268E-01   0.29863816E-01   0.31321406E-01
  4.0803889       0.17671237E-01   0.23018639E-01   0.58493687E-01   0.43556625E-01   0.33349777E-01   0.30308629E-01
  4.1110685       0.17846203E-01   0.22844991E-01   0.64152484E-01   0.48861453E-01   0.35770584E-01   0.30212552E-01
  4.1417481       0.20044953E-01   0.24388563E-01   0.68689421E-01   0.53134071E-01   0.37197861E-01   0.31599539E-01
  4.1724277       0.23489324E-01   0.27439031E-01   0.71866433E-01   0.56277441E-01   0.37741063E-01   0.34462887E-01
  4.2031074       0.27380192E-01   0.31427114E-01   0.73545577E-01   0.58236028E-01   0.37542340E-01   0.38261276E-01
  4.2337870       0.31149920E-01   0.35720329E-01   0.73669427E-01   0.58992850E-01   0.36768963E-01   0.42254442E-01
  4.2644666       0.34419267E-01   0.39768636E-01   0.72248655E-01   0.58567201E-01   0.35602547E-01   0.45767483E-01
  4.2951462       0.36931615E-01   0.43131754E-01   0.69352713E-01   0.57012197E-01   0.34224199E-01   0.48290407E-01
  4.3258258       0.38518457E-01   0.45476092E-01   0.65101626E-01   0.54411894E-01   0.32795422E-01   0.49493165E-01
  4.3565054       0.39085358E-01   0.46572651E-01   0.59657985E-01   0.50878069E-01   0.31436563E-01   0.49215282E-01
  4.3871851       0.38606393E-01   0.46298461E-01   0.53218753E-01   0.46546974E-01   0.30207703E-01   0.47449016E-01
  4.4178647       0.37120541E-01   0.44638212E-01   0.46006810E-01   0.41576708E-01   0.29099204E-01   0.44319176E-01
  4.4485443       0.34727048E-01   0.41683429E-01   0.38262340E-01   0.36146502E-01   0.28037277E-01   0.40059511E-01
  4.4792239       0.31578941E-01   0.37628374E-01   0.30234244E-01   0.30460766E-01   0.26903723E-01   0.34986067E-01
  4.5099035       0.27875320E-01   0.32763903E-01   0.22171945E-01   0.24764835E-01   0.25562691E-01   0.29468945E-01
  4.5405831       0.23854407E-01   0.27472996E-01   0.14318589E-01   0.19390122E-01   0.23885940E-01   0.23904909E-01
  4.5712627       0.19790967E-01   0.22234386E-01   0.69129154E-02   0.14867194E-01   0.21771458E-01   0.18693792E-01
  4.6019424       0.16002971E-01   0.17636165E-01   0.87170355E-03   0.12092241E-01   0.19154823E-01   0.14219367E-01
  4.6326220       0.12866070E-01   0.14346148E-01   0.60097835E-02   0.11964310E-01   0.16015925E-01   0.10820299E-01
  4.6633016       0.10788895E-01   0.12822861E-01   0.11038704E-01   0.14103652E-01   0.12387491E-01   0.86942257E-02
  4.6939812       0.10010756E-01   0.12767516E-01   0.15043391E-01   0.17263211E-01   0.83900458E-02   0.77114570E-02
  4.7246608       0.10298354E-01   0.13246757E-01   0.17948978E-01   0.20595546E-01   0.44958457E-02   0.74291517E-02
  4.7553404       0.11082374E-01   0.13435391E-01   0.19736656E-01   0.23705607E-01   0.37454982E-02   0.74677641E-02
  4.7860201       0.11872676E-01   0.12899265E-01   0.20437272E-01   0.26420651E-01   0.77060704E-02   0.77385892E-02
  4.8166997       0.12391680E-01   0.11515329E-01   0.20135545E-01   0.28672612E-01   0.12602733E-01   0.83294463E-02
  4.8473793       0.12518815E-01   0.93852674E-02   0.18981300E-01   0.30449347E-01   0.17582178E-01   0.92856276E-02
  4.8780589       0.12231730E-01   0.68518259E-02   0.17214769E-01   0.31772617E-01   0.22388126E-01   0.10502394E-01
  4.9087385       0.11582072E-01   0.48093971E-02   0.15219100E-01   0.32686169E-01   0.26849943E-01   0.11776592E-01
  4.9394181       0.10702257E-01   0.50600415E-02   0.13598565E-01   0.33247770E-01   0.30826422E-01   0.12904174E-01
  4.9700978       0.98373205E-02   0.74531054E-02   0.13148450E-01   0.33522848E-01   0.34197652E-01   0.13743343E-01
  5.0007774       0.93691931E-02   0.10305194E-01   0.14402937E-01   0.33578865E-01   0.36865297E-01   0.14243180E-01
  5.0314570       0.97158704E-02   0.12855025E-01   0.17149774E-01   0.33480160E-01   0.38754537E-01   0.14452624E-01
  5.0621366       0.11048012E-01   0.14799387E-01   0.20764531E-01   0.33283373E-01   0.39816004E-01   0.14512189E-01
  5.0928162       0.13169751E-01   0.16029533E-01   0.24694957E-01   0.33033741E-01   0.40027216E-01   0.14619427E-01
  5.1234958       0.15727332E-01   0.16586124E-01   0.28556486E-01   0.32762623E-01   0.39393386E-01   0.14960428E-01
  5.1541754       0.18389444E-01   0.16661970E-01   0.32083234E-01   0.32486538E-01   0.37947667E-01   0.15627560E-01
  5.1848551       0.20886802E-01   0.16601843E-01   0.35084892E-01   0.32207779E-01   0.35751090E-01   0.16578617E-01
  5.2155347       0.23005780E-01   0.16848667E-01   0.37424181E-01   0.31916422E-01   0.32892691E-01   0.17670820E-01
  5.2462143       0.24583360E-01   0.17783849E-01   0.39006169E-01   0.31593246E-01   0.29490880E-01   0.18737357E-01
  5.2768939       0.25508981E-01   0.19524851E-01   0.39773125E-01   0.31213060E-01   0.25698247E-01   0.19655446E-01
  5.3075735       0.25730122E-01   0.21875320E-01   0.39701722E-01   0.30747906E-01   0.21714653E-01   0.20384920E-01
  5.3382531       0.25258646E-01   0.24461861E-01   0.38801191E-01   0.30169824E-01   0.17819051E-01   0.20977450E-01
  5.3689328       0.24176028E-01   0.26888214E-01   0.37111867E-01   0.29453027E-01   0.14435900E-01   0.21556848E-01
  5.3996124       0.22635879E-01   0.28815098E-01   0.34704129E-01   0.28575500E-01   0.12206851E-01   0.22268935E-01
  5.4302920       0.20860805E-01   0.29986767E-01   0.31678243E-01   0.27520123E-01   0.11784894E-01   0.23210642E-01
  5.4609716       0.19125699E-01   0.30237125E-01   0.28166375E-01   0.26275444E-01   0.13139974E-01   0.24368916E-01
  5.4916512       0.17711641E-01   0.29489649E-01   0.24339623E-01   0.24836247E-01   0.15524060E-01   0.25603605E-01
  5.5223308       0.16817752E-01   0.27754966E-01   0.20426191E-01   0.23203983E-01   0.18217413E-01   0.26679480E-01
  5.5530105       0.16462398E-01   0.25127174E-01   0.16752155E-01   0.21387169E-01   0.20786053E-01   0.27321947E-01
  5.5836901       0.16460427E-01   0.21780958E-01   0.13809991E-01   0.19401797E-01   0.22991312E-01   0.27269446E-01
  5.6143697       0.16511803E-01   0.17975357E-01   0.12257176E-01   0.17271902E-01   0.24701295E-01   0.26311241E-01
  5.6450493       0.16322470E-01   0.14080395E-01   0.12518465E-01   0.15030540E-01   0.25846358E-01   0.24310794E-01
  5.6757289       0.15680036E-01   0.10663637E-01   0.14248293E-01   0.12721845E-01   0.26398286E-01   0.21217994E-01
  5.7064085       0.14481456E-01   0.86152436E-02   0.16687462E-01   0.10405930E-01   0.26359813E-01   0.17073016E-01
  5.7370881       0.12741996E-01   0.86804545E-02   0.19242032E-01   0.81715045E-02   0.25758516E-01   0.12004450E-01
  5.7677678       0.10614523E-01   0.10269836E-01   0.21561854E-01   0.61697989E-02   0.24642607E-01   0.62335688E-02
  5.7984474       0.84587023E-02   0.12212989E-01   0.23449039E-01   0.46938809E-02   0.23077566E-01   0.10507887E-02
  5.8291270       0.69946412E-02   0.13823452E-01   0.24792265E-01   0.42013956E-02   0.21143280E-01   0.66779788E-02
  5.8598066       0.71385583E-02   0.14814303E-01   0.25534194E-01   0.48051441E-02   0.18931664E-01   0.12950242E-01
  5.8904862       0.88493849E-02   0.15106608E-01   0.25655800E-01   0.59879192E-02   0.16545032E-01   0.18792476E-01
  5.9211658       0.11219782E-01   0.14749127E-01   0.25168277E-01   0.72822974E-02   0.14095822E-01   0.23901954E-01
  5.9518455       0.13568408E-01   0.13889093E-01   0.24108368E-01   0.84588902E-02   0.11708623E-01   0.28041069E-01
  5.9825251       0.15535807E-01   0.12760571E-01   0.22535462E-01   0.94073918E-02   0.95255098E-02   0.31041237E-01
  6.0132047       0.16938924E-01   0.11670022E-01   0.20530004E-01   0.10068940E-01   0.77121119E-02   0.32812965E-01
  6.0438843       0.17705591E-01   0.10944856E-01   0.18193681E-01   0.10411160E-01   0.64442916E-02   0.33351519E-01
  6.0745639       0.17851547E-01   0.10807714E-01   0.15652944E-01   0.10418872E-01   0.58250911E-02   0.32736549E-01
  6.1052435       0.17469683E-01   0.11242009E-01   0.13069458E-01   0.10090292E-01   0.57541575E-02   0.31125210E-01
  6.1359232       0.16718835E-01   0.12016624E-01   0.10663836E-01   0.94352700E-02   0.59539306E-02   0.28738616E-01
  6.1666028       0.15803731E-01   0.12848238E-01   0.87528294E-02   0.84744264E-02   0.61489364E-02   0.25841255E-01
  6.1972824       0.14937096E-01   0.13523567E-01   0.77332278E-02   0.72391247E-02   0.61588360E-02   0.22712430E-01
  6.2279620       0.14279851E-01   0.13935460E-01   0.78237542E-02   0.57735601E-02   0.58894662E-02   0.19608246E-01
  6.2586416       0.13877810E-01   0.14078774E-01   0.87647660E-02   0.41456029E-02   0.53061889E-02   0.16714754E-01
  6.2893212       0.13639250E-01   0.14034638E-01   0.10066083E-01   0.25104918E-02   0.44216146E-02   0.14101618E-01
  6.3200008       0.13378307E-01   0.13945150E-01   0.11352649E-01   0.15931527E-02   0.33139018E-02   0.11700477E-01
  6.3506805       0.12892581E-01   0.13970730E-01   0.12404794E-01   0.26602071E-02   0.22651622E-02   0.93339711E-02
  6.3813601       0.12028433E-01   0.14229867E-01   0.13100517E-01   0.45087236E-02   0.22048356E-02   0.67904263E-02
  6.4120397       0.10721982E-01   0.14744947E-01   0.13374675E-01   0.64742258E-02   0.35807395E-02   0.39032374E-02
  6.4427193       0.90369194E-02   0.15430041E-01   0.13198658E-01   0.84108087E-02   0.55755629E-02   0.60354968E-03
  6.4733989       0.72493799E-02   0.16126943E-01   0.12570654E-01   0.10253614E-01   0.78022306E-02   0.31037308E-02
  6.5040785       0.60499499E-02   0.16658707E-01   0.11511039E-01   0.11960420E-01   0.10117648E-01   0.70758373E-02
  6.5347582       0.64485009E-02   0.16871769E-01   0.10061083E-01   0.13501211E-01   0.12435647E-01   0.11142641E-01
  6.5654378       0.84730938E-02   0.16660316E-01   0.82864553E-02   0.14855722E-01   0.14688383E-01   0.15083959E-01
  6.5961174       0.11250343E-01   0.15979118E-01   0.62951579E-02   0.16012730E-01   0.16817573E-01   0.18667356E-01
  6.6267970       0.14142648E-01   0.14852347E-01   0.43183821E-02   0.16969643E-01   0.18772454E-01   0.21671586E-01
  6.6574766       0.16792982E-01   0.13384844E-01   0.30719512E-02   0.17731961E-01   0.20509537E-01   0.23907257E-01
  6.6881562       0.18980303E-01   0.11781781E-01   0.38020835E-02   0.18312441E-01   0.21992836E-01   0.25233654E-01
  6.7188359       0.20564125E-01   0.10374209E-01   0.58853906E-02   0.18729898E-01   0.23194147E-01   0.25571197E-01
  6.7495155       0.21468485E-01   0.95967078E-02   0.83240230E-02   0.19007611E-01   0.24093207E-01   0.24909303E-01
  6.7801951       0.21677264E-01   0.97803289E-02   0.10778512E-01   0.19171388E-01   0.24677697E-01   0.23310000E-01
  6.8108747       0.21231498E-01   0.10854179E-01   0.13106254E-01   0.19247346E-01   0.24943057E-01   0.20908587E-01
  6.8415543       0.20225593E-01   0.12417860E-01   0.15219937E-01   0.19259614E-01   0.24892118E-01   0.17914457E-01
  6.8722339       0.18801305E-01   0.14051738E-01   0.17056084E-01   0.19228169E-01   0.24534576E-01   0.14619354E-01
  6.9029135       0.17138374E-01   0.15449820E-01   0.18566741E-01   0.19167127E-01   0.23886318E-01   0.11428473E-01
  6.9335932       0.15439205E-01   0.16413437E-01   0.19716976E-01   0.19083746E-01   0.22968628E-01   0.89242896E-02
  6.9642728       0.13902179E-01   0.16823903E-01   0.20484018E-01   0.18978334E-01   0.21807307E-01   0.77976260E-02
  6.9949524       0.12678233E-01   0.16623918E-01   0.20856836E-01   0.18845042E-01   0.20431732E-01   0.81790011E-02
  7.0256320       0.11818940E-01   0.15806191E-01   0.20835728E-01   0.18673415E-01   0.18873885E-01   0.92804310E-02
  7.0563116       0.11251025E-01   0.14405194E-01   0.20431809E-01   0.18450368E-01   0.17167379E-01   0.10275477E-01
  7.0869912       0.10809901E-01   0.12489739E-01   0.19666379E-01   0.18162288E-01   0.15346522E-01   0.10711483E-01
  7.1176709       0.10311956E-01   0.10155535E-01   0.18570248E-01   0.17796957E-01   0.13445439E-01   0.10393838E-01
  7.1483505       0.96149038E-02   0.75178625E-02   0.17183187E-01   0.17345109E-01   0.11497282E-01   0.92786210E-02
  7.1790301       0.86455013E-02   0.47066717E-02   0.15553815E-01   0.16801532E-01   0.95336020E-02   0.74330032E-02
  7.2097097       0.74077662E-02   0.18917237E-02   0.13740618E-01   0.16165679E-01   0.75839485E-02   0.50691114E-02
  7.2403893       0.59963974E-02   0.12335220E-02   0.11815536E-01   0.15441849E-01   0.56760510E-02   0.29662511E-02
  7.2710689       0.46543780E-02   0.37544397E-02   0.98734696E-02   0.14638973E-01   0.38379572E-02   0.37779645E-02
  7.3017486       0.39063060E-02   0.61192249E-02   0.80548543E-02   0.13770091E-01   0.21121063E-02   0.69206708E-02
  7.3324282       0.43408984E-02   0.81631610E-02   0.65899087E-02   0.12851569E-01   0.76332282E-03   0.10499130E-01
  7.3631078       0.57398875E-02   0.98289610E-02   0.58267747E-02   0.11902126E-01   0.14576157E-02   0.14020071E-01
  7.3937874       0.75178666E-02   0.11089149E-01   0.60458382E-02   0.10941709E-01   0.28393646E-02   0.17259821E-01
  7.4244670       0.93399222E-02   0.11939557E-01   0.71229908E-02   0.99902903E-02   0.41703268E-02   0.20068757E-01
  7.4551466       0.11044230E-01   0.12395905E-01   0.86947044E-02   0.90666305E-02   0.54032281E-02   0.22341959E-01
  7.4858262       0.12543416E-01   0.12490379E-01   0.10488008E-01   0.81871138E-02   0.65333434E-02   0.24011932E-01
  7.5165059       0.13785972E-01   0.12268306E-01   0.12359095E-01   0.73647810E-02   0.75654815E-02   0.25044188E-01
  7.5471855       0.14740167E-01   0.11785682E-01   0.14238658E-01   0.66087523E-02   0.85091576E-02   0.25432293E-01
  7.5778651       0.15385887E-01   0.11108574E-01   0.16094928E-01   0.59242636E-02   0.93770467E-02   0.25192099E-01
  7.6085447       0.15710499E-01   0.10315615E-01   0.17915160E-01   0.53135232E-02   0.10183997E-01   0.24355743E-01
  7.6392243       0.15708069E-01   0.95044409E-02   0.19695956E-01   0.47774516E-02   0.10946050E-01   0.22966247E-01
  7.6699039       0.15381993E-01   0.88003904E-02   0.21437534E-01   0.43180872E-02   0.11679306E-01   0.21073507E-01
  7.7005836       0.14751280E-01   0.83577640E-02   0.23139943E-01   0.39409750E-02   0.12398642E-01   0.18732312E-01
  7.7312632       0.13860858E-01   0.83322137E-02   0.24800473E-01   0.36562645E-02   0.13116331E-01   0.16002915E-01
  7.7619428       0.12796542E-01   0.88164273E-02   0.26412019E-01   0.34767849E-02   0.13840723E-01   0.12955179E-01
  7.7926224       0.11704345E-01   0.97912871E-02   0.27962265E-01   0.34121458E-02   0.14575142E-01   0.96809613E-02
  7.8233020       0.10805938E-01   0.11149143E-01   0.29433614E-01   0.34610728E-02   0.15317158E-01   0.63418490E-02
  7.8539816       0.10377065E-01   0.12752609E-01   0.30803739E-01   0.36074017E-02   0.16058331E-01   0.34784543E-02
  7.8846612       0.10638167E-01   0.14470771E-01   0.32046619E-01   0.38229594E-02   0.16784446E-01   0.34446564E-02
  7.9153409       0.11606759E-01   0.16188058E-01   0.33133903E-01   0.40744980E-02   0.17476184E-01   0.62709213E-02
  7.9460205       0.13089954E-01   0.17802547E-01   0.34036465E-01   0.43299822E-02   0.18110151E-01   0.95611757E-02
  7.9767001       0.14816311E-01   0.19223448E-01   0.34726037E-01   0.45624459E-02   0.18660150E-01   0.12743503E-01
  8.0073797       0.16538850E-01   0.20370317E-01   0.35176842E-01   0.47521507E-02   0.19098623E-01   0.15633682E-01
  8.0380593       0.18064613E-01   0.21173903E-01   0.35367157E-01   0.48882166E-02   0.19398215E-01   0.18121997E-01
  8.0687389       0.19252778E-01   0.21577994E-01   0.35280808E-01   0.49704440E-02   0.19533419E-01   0.20130741E-01
  8.0994186       0.20008272E-01   0.21541671E-01   0.34908567E-01   0.50115103E-02   0.19482345E-01   0.21607040E-01
  8.1300982       0.20277194E-01   0.21041538E-01   0.34249500E-01   0.50390823E-02   0.19228647E-01   0.22521943E-01
  8.1607778       0.20043710E-01   0.20073610E-01   0.33312302E-01   0.50962882E-02   0.18763748E-01   0.22870202E-01
  8.1914574       0.19327242E-01   0.18654685E-01   0.32116679E-01   0.52376032E-02   0.18089549E-01   0.22669377E-01
  8.2221370       0.18179306E-01   0.16823176E-01   0.30694879E-01   0.55174794E-02   0.17222017E-01   0.21958079E-01
  8.2528166       0.16680008E-01   0.14639709E-01   0.29093450E-01   0.59740620E-02   0.16196187E-01   0.20793613E-01
  8.2834963       0.14934897E-01   0.12188583E-01   0.27375235E-01   0.66172595E-02   0.15073318E-01   0.19249716E-01
  8.3141759       0.13073691E-01   0.95837142E-02   0.25621382E-01   0.74287226E-02   0.13950493E-01   0.17415449E-01
  8.3448555       0.11252991E-01   0.69925516E-02   0.23932507E-01   0.83708629E-02   0.12970191E-01   0.15397009E-01
  8.3755351       0.96634219E-02   0.47337620E-02   0.22426896E-01   0.93968615E-02   0.12319035E-01   0.13325233E-01
  8.4062147       0.85294800E-02   0.35751836E-02   0.21231941E-01   0.10457308E-01   0.12193276E-01   0.11372389E-01
  8.4368943       0.80610989E-02   0.42668696E-02   0.20464689E-01   0.11503571E-01   0.12722001E-01   0.97766325E-02
  8.4675739       0.83345873E-02   0.59282742E-02   0.20202493E-01   0.12489360E-01   0.13901439E-01   0.88394462E-02
  8.4982536       0.92337177E-02   0.76878877E-02   0.20456028E-01   0.13371592E-01   0.15610510E-01   0.88024298E-02
  8.5289332       0.10557113E-01   0.92491869E-02   0.21162900E-01   0.14111079E-01   0.17681308E-01   0.96382864E-02
  8.5596128       0.12135378E-01   0.10524753E-01   0.22207184E-01   0.14673234E-01   0.19952746E-01   0.11070945E-01
  8.5902924       0.13854342E-01   0.11513217E-01   0.23450747E-01   0.15028829E-01   0.22288817E-01   0.12796463E-01
  8.6209720       0.15633180E-01   0.12266630E-01   0.24758917E-01   0.15154778E-01   0.24578330E-01   0.14593321E-01
  8.6516516       0.17402268E-01   0.12874972E-01   0.26014207E-01   0.15034928E-01   0.26730168E-01   0.16316455E-01
  8.6823313       0.19091369E-01   0.13448107E-01   0.27120755E-01   0.14660874E-01   0.28669228E-01   0.17870076E-01
  8.7130109       0.20626630E-01   0.14089766E-01   0.28004094E-01   0.14032821E-01   0.30333915E-01   0.19189497E-01
  8.7436905       0.21933027E-01   0.14867730E-01   0.28609322E-01   0.13160658E-01   0.31674878E-01   0.20231801E-01
  8.7743701       0.22939537E-01   0.15792323E-01   0.28899090E-01   0.12065555E-01   0.32654516E-01   0.20971311E-01
  8.8050497       0.23585073E-01   0.16813837E-01   0.28851861E-01   0.10782842E-01   0.33246886E-01   0.21397137E-01
  8.8357293       0.23823985E-01   0.17837977E-01   0.28460501E-01   0.93678724E-02   0.33437765E-01   0.21511280E-01
  8.8664090       0.23630436E-01   0.18748991E-01   0.27731102E-01   0.79087703E-02   0.33224723E-01   0.21326575E-01
  8.8970886       0.23001353E-01   0.19430852E-01   0.26681968E-01   0.65534770E-02   0.32617114E-01   0.20864186E-01
  8.9277682       0.21957914E-01   0.19782631E-01   0.25342705E-01   0.55520717E-02   0.31635934E-01   0.20150729E-01
  8.9584478       0.20545792E-01   0.19728434E-01   0.23753392E-01   0.52366581E-02   0.30313561E-01   0.19215278E-01
  8.9891274       0.18834522E-01   0.19223519E-01   0.21963893E-01   0.57629148E-02   0.28693384E-01   0.18086673E-01
  9.0198070       0.16916613E-01   0.18258148E-01   0.20033370E-01   0.69154292E-02   0.26829395E-01   0.16791591E-01
  9.0504866       0.14907067E-01   0.16860560E-01   0.18030143E-01   0.83702448E-02   0.24785808E-01   0.15353784E-01
  9.0811663       0.12943584E-01   0.15100820E-01   0.16031941E-01   0.98990419E-02   0.22636770E-01   0.13794768E-01
  9.1118459       0.11185399E-01   0.13098750E-01   0.14126310E-01   0.11362764E-01   0.20466119E-01   0.12136090E-01
  9.1425255       0.98015665E-02   0.11041825E-01   0.12409940E-01   0.12672279E-01   0.18366829E-01   0.10403411E-01
  9.1732051       0.89296362E-02   0.92188304E-02   0.10983330E-01   0.13766122E-01   0.16438978E-01   0.86332250E-02
  9.2038847       0.86019508E-02   0.80392481E-02   0.99343269E-02   0.14600490E-01   0.14783667E-01   0.68855074E-02
  9.2345643       0.87044490E-02   0.78781841E-02   0.93072284E-02   0.15144974E-01   0.13489037E-01   0.52726269E-02
  9.2652440       0.90341384E-02   0.87046332E-02   0.90725042E-02   0.15380789E-01   0.12606896E-01   0.40270224E-02
  9.2959236       0.93943975E-02   0.10092718E-01   0.91284139E-02   0.15300116E-01   0.12128556E-01   0.35518078E-02
  9.3266032       0.96430303E-02   0.11613870E-01   0.93399951E-02   0.14905953E-01   0.11978924E-01   0.40388853E-02
  9.3572828       0.96941840E-02   0.12991967E-01   0.95820855E-02   0.14212289E-01   0.12038635E-01   0.50982018E-02
  9.3879624       0.95050959E-02   0.14071606E-01   0.97607923E-02   0.13244654E-01   0.12179375E-01   0.63098456E-02
  9.4186420       0.90631475E-02   0.14774322E-01   0.98159451E-02   0.12041418E-01   0.12290567E-01   0.74587215E-02
  9.4493217       0.83764324E-02   0.15073874E-01   0.97157928E-02   0.10656730E-01   0.12290252E-01   0.84421932E-02
  9.4800013       0.74674291E-02   0.14983225E-01   0.94506813E-02   0.91671298E-02   0.12125215E-01   0.92099255E-02
  9.5106809       0.63691953E-02   0.14546563E-01   0.90278521E-02   0.76859856E-02   0.11766803E-01   0.97424051E-02
  9.5413605       0.51245136E-02   0.13833107E-01   0.84675503E-02   0.63911123E-02   0.11206049E-01   0.10043652E-01
  9.5720401       0.37918602E-02   0.12931097E-01   0.78001409E-02   0.55503468E-02   0.10449359E-01   0.10138397E-01
  9.6027197       0.24803684E-02   0.11940849E-01   0.70639097E-02   0.54370918E-02   0.95150052E-02   0.10070126E-01
  9.6333993       0.15548963E-02   0.10965557E-01   0.63032193E-02   0.60686230E-02   0.84303543E-02   0.98981506E-02
  9.6640790       0.18883277E-02   0.10098351E-01   0.55664943E-02   0.71746170E-02   0.72298207E-02   0.96921181E-02
  9.6947586       0.30890073E-02   0.94056103E-02   0.49029378E-02   0.84654036E-02   0.59538122E-02   0.95225424E-02
  9.7254382       0.44586642E-02   0.89112508E-02   0.43560687E-02   0.97493392E-02   0.46498228E-02   0.94473450E-02
  9.7561178       0.58103644E-02   0.85917951E-02   0.39526001E-02   0.10910840E-01   0.33801007E-02   0.94978705E-02
  9.7867974       0.70775416E-02   0.83887379E-02   0.36899036E-02   0.11878437E-01   0.22552687E-02   0.96710792E-02
  9.8174770       0.82217502E-02   0.82321383E-02   0.35322985E-02   0.12607444E-01   0.15629780E-02   0.99328296E-02
  9.8481567       0.92147970E-02   0.80620694E-02   0.34229062E-02   0.13072018E-01   0.17354915E-02   0.10230289E-01
  9.8788363       0.10034048E-01   0.78400059E-02   0.33027751E-02   0.13261730E-01   0.24662800E-02   0.10506647E-01
  9.9095159       0.10660965E-01   0.75507462E-02   0.31242936E-02   0.13180315E-01   0.32899353E-02   0.10712667E-01
  9.9401955       0.11080728E-01   0.71988582E-02   0.28554902E-02   0.12845664E-01   0.40484324E-02   0.10813647E-01
  9.9708751       0.11282412E-01   0.68030334E-02   0.24789285E-02   0.12290790E-01   0.46917303E-02   0.10792860E-01
